header:
  seq: 0
  stamp:
    secs: 0
    nsecs:         0
  frame_id: ''
height: 1280
width: 1920
distortion_model: plumb_bob
D: [0.7288896825,0.0007584723,-0.0001609683,0.0001351361,-0.0063228806,1.1260143269,0.1864328655,-0.0235438628]
K: [1002.4513500140,0,992.2856047735,0,1002.3770185387,555.4118553001,0,0,1]
R: [1.0, 0.0, 0.0, 0.0, 1.0, 0.0, 0.0, 0.0, 1.0]
P: [0.0, 0.0, 0.0, 0.0, 0.0, 0.0, 0.0, 0.0, 0.0, 0.0, 1.0, 0.0]
binning_x: 0
binning_y: 0
roi:
  x_offset: 0
  y_offset: 0
  height: 0
  height: 0
  width: 0
  do_rectify: False
